00 00 00 13
00 00 00 13
00 00 00 13
00 00 00 13
50 00 25 03
24 05 0C 63
50 00 25 03
40 A0 20 23
50 00 05 03
40 A0 28 23
50 00 45 03
42 A0 20 23
50 00 15 03
42 A0 28 23
50 00 55 03
44 A0 20 23
50 00 25 03
44 A0 28 23
46 A0 20 23
44 C0 08 23
46 C0 10 23
00 00 00 13
00 00 00 13
00 00 00 13
00 00 00 13
50 00 25 03
00 00 00 13
00 00 00 13
00 00 00 13
00 00 00 13
50 00 25 83
00 00 00 13
00 00 00 13
00 B5 06 33
40 C0 20 23
40 B5 06 33
40 C0 28 23
7C F6 06 93
42 D0 20 23
1C F6 07 13
42 E0 28 23
00 00 00 13
00 00 00 13
00 00 00 13
00 00 00 13
00 B5 76 33
40 C0 20 23
00 06 02 B3
00 B5 66 B3
40 D0 28 23
00 06 83 33
00 B5 47 33
42 E0 20 23
00 07 03 B3
1C F5 76 13
42 C0 28 23
00 06 0E 33
1C F5 66 93
44 D0 20 23
1C F5 47 13
44 E0 28 23
7C F5 76 13
46 C0 20 23
7C F5 66 93
46 D0 28 23
7C F5 47 13
48 E0 20 23
00 00 00 13
00 00 00 13
00 00 00 13
00 00 00 13
00 00 05 33
00 00 0E B3
00 63 AE B3
01 D5 65 33
00 15 15 13
00 63 BE B3
01 D5 65 33
00 15 15 13
01 C3 2E B3
01 D5 65 33
00 15 15 13
01 C3 3E B3
01 D5 65 33
00 15 15 13
00 5E 2E B3
01 D5 65 33
00 15 15 13
00 5E 3E B3
01 D5 65 33
40 A0 20 23
01 A0 02 93
00 55 15 B3
00 55 D6 33
40 55 D6 B3
40 B0 28 23
42 C0 20 23
42 D0 28 23
01 C5 15 93
01 C5 D6 13
41 C5 D6 93
44 B0 20 23
44 C0 28 23
46 D0 20 23
00 00 00 13
00 00 00 13
00 00 00 13
00 00 00 13
01 50 05 13
04 90 05 93
FE B0 06 13
FB 70 06 93
00 B0 07 33
02 E5 82 63
04 B5 08 63
02 B5 14 63
02 B5 48 63
04 B6 52 63
02 B6 7A 63
00 10 03 33
00 00 80 E7
02 D5 EA 63
00 C0 02 93
00 42 92 93
FC E5 8C E3
00 A2 82 93
00 42 92 93
FC B5 1A E3
00 E2 82 93
00 42 92 93
FC B5 46 E3
00 E2 82 93
00 42 92 93
FC C5 D8 E3
00 82 92 93
20 32 82 93
48 50 20 23
00 00 00 13
00 00 00 13
00 00 00 13
00 00 00 13
FA 9F F0 EF
00 00 05 17
40 65 05 33
00 05 06 63
00 00 03 33
00 80 00 6F
40 60 20 23
CA 0B 32 B7
20 32 82 93
40 50 28 23
00 00 00 13
00 00 00 13
00 00 00 13
00 00 00 13
00 10 02 93
48 50 28 23
00 00 00 13
00 00 00 93
40 00 01 13
00 00 01 93
00 00 02 13
00 00 02 93
00 00 03 13
00 00 03 93
00 00 04 13
00 00 05 13
00 00 05 93
00 00 06 13
00 00 09 93
00 00 07 13
00 00 07 93
00 00 08 13
00 00 08 93
00 00 09 13
00 00 09 93
00 00 0A 13
00 00 0A 93
00 00 0B 13
00 00 0B 93
00 00 0C 13
00 00 0C 93
00 00 0D 13
00 00 0D 93
00 00 0E 13
00 00 0E 93
00 00 0F 13
00 00 0F 93
00 00 00 13
00 00 00 13
00 00 00 13
00 00 00 13
00 00 13 17
E9 83 00 E7
00 10 05 13
00 00 13 17
F4 C3 00 E7
00 00 00 13
00 00 00 13
00 00 13 17
17 C3 00 E7
00 00 05 13
00 00 00 13
00 00 00 13
00 00 00 13
00 00 00 13
03 F0 05 93
00 B0 20 23
00 60 05 93
00 B0 22 23
05 B0 05 93
00 B0 24 23
04 F0 05 93
00 B0 26 23
06 60 05 93
00 B0 28 23
06 D0 05 93
00 B0 2A 23
07 D0 05 93
00 B0 2C 23
00 70 05 93
00 B0 2E 23
07 F0 05 93
02 B0 20 23
06 70 05 93
02 B0 22 23
07 70 05 93
02 B0 24 23
07 C0 05 93
02 B0 26 23
03 90 05 93
02 B0 28 23
05 E0 05 93
02 B0 2A 23
07 90 05 93
02 B0 2C 23
07 10 05 93
02 B0 2E 23
04 00 05 93
04 B0 20 23
80 00 05 B7
63 05 85 93
04 B0 22 23
49 00 22 83
00 12 92 93
00 12 82 93
48 50 28 23
00 00 13 17
91 C3 00 E7
48 A0 20 23
04 A0 28 23
00 00 13 17
AC C3 00 E7
48 A0 20 23
04 A0 2A 23
00 00 00 13
00 00 00 13
49 00 22 83
00 12 92 93
00 12 82 93
48 50 28 23
00 00 00 13
00 00 00 13
00 00 00 13
00 00 00 13
00 00 13 17
A2 43 00 E7
48 A0 20 23
04 A0 2C 23
00 00 13 17
A8 43 00 E7
48 A0 20 23
04 A0 2E 23
00 00 00 13
00 00 00 13
49 00 22 83
00 12 92 93
00 12 82 93
48 50 28 23
00 00 00 13
00 00 00 13
00 00 00 13
00 00 00 13
00 00 03 17
2D 43 00 E7
48 A0 20 23
06 A0 20 23
00 00 13 17
A3 C3 00 E7
48 A0 20 23
06 A0 22 23
00 00 00 13
00 00 00 13
49 00 22 83
00 12 92 93
00 12 82 93
48 50 28 23
00 00 00 13
00 00 00 13
00 00 00 13
00 00 00 13
00 00 03 17
3E 43 00 E7
48 A0 20 23
06 A0 24 23
00 00 13 17
9F 43 00 E7
48 A0 20 23
06 A0 26 23
00 00 00 13
00 00 00 13
49 00 22 83
00 12 92 93
00 12 82 93
48 50 28 23
00 00 00 13
00 00 00 13
00 00 00 13
00 00 00 13
00 00 03 17
66 83 00 E7
48 A0 20 23
06 A0 28 23
00 00 13 17
9A C3 00 E7
48 A0 20 23
06 A0 2A 23
00 00 00 13
00 00 00 13
49 00 22 83
00 12 92 93
00 12 82 93
48 50 28 23
0F F5 75 13
00 F5 72 93
00 22 92 93
00 02 AF 03
47 E0 20 23
0F 05 72 93
00 22 D2 93
00 02 AF 03
47 E0 28 23
08 05 72 93
00 00 00 13
00 00 00 13
00 00 00 13
00 00 00 13
05 40 22 83
48 50 20 23
00 00 13 17
05 43 00 E7
50 00 25 03
00 00 C2 B7
00 02 82 93
00 55 75 33
00 E5 55 13
04 80 22 83
FC 55 0C E3
04 A0 24 23
00 05 0C 63
00 10 02 93
02 55 08 63
00 20 02 93
08 55 04 63
0E 40 00 6F
00 10 05 13
00 00 13 17
CA 03 00 E7
00 00 00 13
00 00 00 13
00 00 13 17
ED 03 00 E7
F9 DF F0 6F
00 10 05 13
00 00 13 17
C8 03 00 E7
00 00 00 13
00 00 00 13
00 00 13 17
DE 83 00 E7
05 40 25 03
00 00 00 13
00 00 00 13
00 00 13 17
B0 43 00 E7
00 00 00 13
00 00 00 13
00 00 13 17
E2 83 00 E7
05 C0 25 03
00 00 00 13
00 00 00 13
00 00 13 17
AE 03 00 E7
00 00 00 13
00 00 00 13
F3 DF F0 6F
00 10 05 13
00 00 13 17
C2 03 00 E7
00 00 00 13
00 00 00 13
00 00 13 17
C7 83 00 E7
06 40 25 03
00 00 00 13
00 00 00 13
00 00 13 17
AA 43 00 E7
00 00 00 13
00 00 00 13
00 00 13 17
CB 83 00 E7
06 C0 25 03
00 00 00 13
00 00 00 13
00 00 13 17
A8 03 00 E7
00 00 00 13
00 00 00 13
ED DF F0 6F
ED 9F F0 6F
00 00 00 13
00 00 00 13
00 05 04 93
00 00 00 13
00 00 00 13
00 00 00 13
00 00 00 13
FD 01 01 13
02 11 26 23
02 81 24 23
03 01 04 13
FC A4 2E 23
FC B4 2C 23
FD C4 27 03
FD 84 27 83
00 F7 18 63
FD C4 27 83
FE F4 26 23
04 80 00 6F
FD C4 27 03
FD 84 27 83
00 E7 DC 63
FD C4 27 03
FD 84 27 83
40 F7 07 B3
FC F4 2E 23
01 40 00 6F
FD 84 27 03
FD C4 27 83
40 F7 07 B3
FC F4 2C 23
FD 84 25 83
FD C4 25 03
00 00 03 17
F9 83 00 E7
FE A4 26 23
FE C4 27 83
00 07 85 13
02 C1 20 83
02 81 24 03
03 01 01 13
00 00 80 67
FE 01 01 13
00 11 2E 23
00 81 2C 23
02 01 04 13
00 02 47 B7
78 07 87 93
FE F4 26 23
00 00 C7 B7
C6 C7 87 93
FE F4 24 23
FE 84 25 83
FE C4 25 03
00 00 03 17
F4 43 00 E7
FE A4 22 23
FE 44 27 83
00 07 85 13
01 C1 20 83
01 81 24 03
02 01 01 13
00 00 80 67
00 00 00 13
00 00 00 13
00 00 00 13
00 00 00 13
00 00 00 97
00 00 80 E7
00 00 00 13
00 00 00 13
00 00 00 13
00 00 00 13
FD 01 01 13
02 11 26 23
02 81 24 23
03 01 04 13
FC A4 2E 23
FC B4 2C 23
FC C4 2A 23
FC D4 28 23
FE 04 26 23
FD C4 27 03
00 10 07 93
00 F7 18 63
00 10 07 93
FE F4 26 23
08 C0 00 6F
FD C4 27 83
FF F7 87 93
FD 44 26 83
FD 04 26 03
FD 84 25 83
00 07 85 13
00 00 03 17
FA C3 00 E7
00 05 07 13
FE C4 27 83
00 E7 87 B3
FE F4 26 23
FD 04 26 83
FD 44 26 03
FD 84 25 83
00 10 05 13
00 00 03 17
F8 43 00 E7
00 05 07 13
FE C4 27 83
00 E7 87 B3
FE F4 26 23
FD C4 27 83
FF F7 87 93
FD 04 26 83
FD 84 26 03
FD 44 25 83
00 07 85 13
00 00 03 17
F5 43 00 E7
00 05 07 13
FE C4 27 83
00 E7 87 B3
FE F4 26 23
FE C4 27 83
00 07 85 13
02 C1 20 83
02 81 24 03
03 01 01 13
00 00 80 67
FD 01 01 13
02 11 26 23
02 81 24 23
03 01 04 13
00 10 07 93
FE F4 26 23
00 20 07 93
FE F4 24 23
00 30 07 93
FE F4 22 23
01 00 07 93
FE F4 20 23
FE 44 26 83
FE 84 26 03
FE C4 25 83
FE 04 25 03
00 00 03 17
EE 43 00 E7
FC A4 2E 23
FD C4 27 83
00 07 85 13
02 C1 20 83
02 81 24 03
03 01 01 13
00 00 80 67
00 00 00 13
00 00 00 13
00 00 00 13
00 00 00 13
FD 01 01 13
02 11 26 23
02 81 24 23
03 01 04 13
FC A4 2E 23
FC B4 2C 23
FC C4 2A 23
FC D4 28 23
FD 04 27 03
FD 44 27 83
40 F7 07 B3
01 F7 D7 13
00 F7 07 B3
40 17 D7 93
00 07 87 13
FD 44 27 83
00 E7 87 B3
FE F4 26 23
FD 44 27 03
FD 04 27 83
00 E7 D6 63
FF F0 07 93
09 00 00 6F
FE C4 27 83
00 27 97 93
FD C4 27 03
00 F7 07 B3
00 07 A7 83
FD 84 27 03
00 F7 16 63
FE C4 27 83
06 C0 00 6F
FE C4 27 83
00 27 97 93
FD C4 27 03
00 F7 07 B3
00 07 A7 83
FD 84 27 03
02 F7 56 63
FE C4 27 83
FF F7 87 93
00 07 86 93
FD 44 26 03
FD 84 25 83
FD C4 25 03
00 00 03 17
F4 C3 00 E7
00 05 07 93
02 80 00 6F
FE C4 27 83
00 17 87 93
FD 04 26 83
00 07 86 13
FD 84 25 83
FD C4 25 03
00 00 03 17
F2 43 00 E7
00 05 07 93
00 07 85 13
02 C1 20 83
02 81 24 03
03 01 01 13
00 00 80 67
FE 01 01 13
00 11 2E 23
00 81 2C 23
02 01 04 13
FE A4 26 23
FE B4 24 23
FE C4 22 23
FE 44 27 83
FF F7 87 93
00 07 86 93
00 00 06 13
FE 84 25 83
FE C4 25 03
00 00 03 17
ED 03 00 E7
00 05 07 93
00 07 85 13
01 C1 20 83
01 81 24 03
02 01 01 13
00 00 80 67
FD 01 01 13
02 81 26 23
03 01 04 13
FC A4 2E 23
FC B4 2C 23
FE 04 26 23
0C C0 00 6F
FE 04 24 23
0A 00 00 6F
FE 84 27 83
00 17 87 93
00 27 97 93
FD C4 27 03
00 F7 07 B3
00 07 A7 03
FE 84 27 83
00 27 97 93
FD C4 26 83
00 F6 87 B3
00 07 A7 83
06 F7 52 63
FE 84 27 83
00 27 97 93
FD C4 27 03
00 F7 07 B3
00 07 A7 83
FE F4 22 23
FE 84 27 83
00 17 87 93
00 27 97 93
FD C4 27 03
00 F7 07 33
FE 84 27 83
00 27 97 93
FD C4 26 83
00 F6 87 B3
00 07 27 03
00 E7 A0 23
FE 84 27 83
00 17 87 93
00 27 97 93
FD C4 27 03
00 F7 07 B3
FE 44 27 03
00 E7 A0 23
FE 84 27 83
00 17 87 93
FE F4 24 23
FD 84 27 03
FE C4 27 83
40 F7 07 B3
FF F7 87 93
FE 84 27 03
F4 F7 48 E3
FE C4 27 83
00 17 87 93
FE F4 26 23
FD 84 27 83
FF F7 87 93
FE C4 27 03
F2 F7 46 E3
00 00 00 13
00 07 85 13
02 C1 24 03
03 01 01 13
00 00 80 67
FA 41 01 13
04 11 2C 23
04 81 2A 23
05 C1 04 13
02 50 08 13
FB 04 28 23
00 20 05 13
FA A4 2A 23
00 D0 05 93
FA B4 2C 23
00 30 06 13
FA C4 2E 23
01 30 06 93
FC D4 20 23
00 70 07 13
FC E4 22 23
00 50 07 93
FC F4 24 23
00 B0 08 93
FD 14 26 23
02 F0 08 13
FD 04 28 23
01 10 05 13
FC A4 2A 23
01 D0 05 93
FC B4 2C 23
02 B0 06 13
FC C4 2E 23
01 F0 06 93
FE D4 20 23
01 70 07 13
FE E4 22 23
02 90 07 93
FE F4 24 23
FB 04 07 93
00 F0 05 93
00 07 85 13
00 00 03 17
E6 43 00 E7
FB 04 07 93
00 F0 06 13
01 F0 05 93
00 07 85 13
00 00 03 17
DF 83 00 E7
FE A4 26 23
FE C4 27 83
00 07 85 13
05 81 20 83
05 41 24 03
05 21 01 13
00 00 80 67
00 00 00 13
00 00 00 13
00 00 00 13
00 00 00 13
00 00 00 97
00 00 80 E7
00 00 00 13
00 00 00 13
00 00 00 13
00 00 00 13
FE 01 01 13
00 11 2E 23
00 81 2C 23
00 91 2A 23
02 01 04 13
FE A4 26 23
FE C4 27 03
00 10 07 93
00 E7 C6 63
FE C4 27 83
03 80 00 6F
FE C4 27 83
FF F7 87 93
00 07 85 13
00 00 03 17
FC 83 00 E7
00 05 04 93
FE C4 27 83
FF E7 87 93
00 07 85 13
00 00 03 17
FB 03 00 E7
00 05 07 93
00 F4 87 B3
00 07 85 13
01 C1 20 83
01 81 24 03
01 41 24 83
02 01 01 13
00 00 80 67
FE 01 01 13
00 81 2E 23
02 01 04 13
FE A4 26 23
FE C4 27 83
00 07 85 13
01 C1 24 03
02 01 01 13
00 00 80 67
FE 01 01 13
00 11 2E 23
00 81 2C 23
02 01 04 13
01 D0 07 93
FE F4 26 23
FE C4 25 03
00 00 03 17
F4 83 00 E7
00 05 07 93
00 07 85 13
00 00 03 17
FB 03 00 E7
FE A4 24 23
FE 84 27 83
00 07 85 13
01 C1 20 83
01 81 24 03
02 01 01 13
00 00 80 67
00 00 00 13
00 00 00 13
00 00 00 13
00 00 00 13
00 00 00 97
00 00 80 E7
00 00 00 13
00 00 00 13
00 00 00 13
00 00 00 13
FD 01 01 13
02 81 26 23
03 01 04 13
FC A4 2E 23
FC B4 2C 23
FE 04 24 23
FE 04 26 23
02 00 00 6F
FE 84 27 03
FD C4 27 83
00 F7 07 B3
FE F4 24 23
FE C4 27 83
00 17 87 93
FE F4 26 23
FE C4 27 03
FD 84 27 83
FC F7 6E E3
FE 84 27 83
00 07 85 13
02 C1 24 03
03 01 01 13
00 00 80 67
FE 01 01 13
00 11 2E 23
00 81 2C 23
02 01 04 13
FE A4 26 23
FE C4 27 83
00 07 96 63
00 00 07 93
04 80 00 6F
FE C4 27 03
00 10 07 93
00 F7 16 63
00 10 07 93
03 40 00 6F
FE C4 27 83
FF F7 87 93
00 07 85 13
00 00 03 17
FB C3 00 E7
00 05 07 93
00 07 85 93
FE C4 25 03
00 00 03 17
F4 C3 00 E7
FE A4 26 23
FE C4 27 83
00 07 85 13
01 C1 20 83
01 81 24 03
02 01 01 13
00 00 80 67
FE 01 01 13
00 11 2E 23
00 81 2C 23
02 01 04 13
00 B0 07 93
FE F4 26 23
FE C4 27 83
00 07 85 13
00 00 03 17
F6 43 00 E7
00 05 07 93
FE F4 24 23
FE 84 27 83
00 07 85 13
01 C1 20 83
01 81 24 03
02 01 01 13
00 00 80 67
00 00 00 13
00 00 00 13
00 00 00 13
00 00 00 13
00 00 00 97
00 00 80 E7
00 00 00 13
00 00 00 13
00 00 00 13
00 00 00 13
FE 01 01 13
00 11 2E 23
00 81 2C 23
02 01 04 13
00 05 07 93
00 00 05 93
00 98 96 37
68 06 06 13
FE 01 01 13
00 11 2E 23
00 C1 2C 23
02 01 04 13
00 00 03 17
15 83 00 E7
00 45 95 93
01 C1 20 83
01 81 24 03
02 01 01 13
00 0F 46 37
24 06 06 13
FE 01 01 13
00 11 2E 23
00 C1 2C 23
02 01 04 13
00 00 03 17
12 83 00 E7
00 45 95 93
01 C1 20 83
01 81 24 03
02 01 01 13
00 01 86 37
6A 06 06 13
FE 01 01 13
00 11 2E 23
00 C1 2C 23
02 01 04 13
00 00 03 17
0F 83 00 E7
00 45 95 93
01 C1 20 83
01 81 24 03
02 01 01 13
00 00 26 37
71 06 06 13
FE 01 01 13
00 11 2E 23
00 C1 2C 23
02 01 04 13
00 00 03 17
0C 83 00 E7
00 45 95 93
01 C1 20 83
01 81 24 03
02 01 01 13
3E 80 06 13
FE 01 01 13
00 11 2E 23
00 C1 2C 23
02 01 04 13
00 00 03 17
09 C3 00 E7
00 45 95 93
01 C1 20 83
01 81 24 03
02 01 01 13
06 40 06 13
FE 01 01 13
00 11 2E 23
00 C1 2C 23
02 01 04 13
00 00 03 17
07 03 00 E7
00 45 95 93
01 C1 20 83
01 81 24 03
02 01 01 13
00 A0 06 13
FE 01 01 13
00 11 2E 23
00 C1 2C 23
02 01 04 13
00 00 03 17
04 43 00 E7
00 45 95 93
01 C1 20 83
01 81 24 03
02 01 01 13
00 10 06 13
FE 01 01 13
00 11 2E 23
00 81 2C 23
02 01 04 13
00 00 03 17
01 83 00 E7
01 C1 20 83
01 81 24 03
02 01 01 13
01 80 00 6F
00 C7 D4 63
00 00 80 67
00 15 85 93
40 C7 87 B3
FF 1F F0 6F
00 05 85 13
01 C1 20 83
01 81 24 03
02 01 01 13
00 00 80 67
00 00 00 13
00 00 00 13
FE 01 01 13
00 11 2E 23
00 81 2C 23
02 01 04 13
00 60 02 93
00 B2 86 63
02 B0 08 63
06 40 00 6F
00 F5 72 93
00 22 92 93
00 02 A5 83
46 B0 20 23
00 45 55 13
00 F5 72 93
00 22 92 93
00 02 A5 83
46 B0 28 23
03 C0 00 6F
00 F5 72 93
00 22 92 93
00 02 A5 83
40 B0 20 23
00 45 55 13
00 F5 72 93
00 22 92 93
00 02 A5 83
40 B0 28 23
00 45 55 13
00 F5 72 93
00 22 92 93
00 02 A5 83
42 B0 20 23
01 C1 20 83
01 81 24 03
02 01 01 13
00 00 80 67
FE 01 01 13
00 11 2E 23
00 81 2C 23
02 01 04 13
00 80 06 13
00 00 05 93
00 A0 07 B3
00 C0 0E 63
00 45 95 93
00 F7 F3 13
00 65 E5 B3
00 47 D7 93
FF F6 06 13
FE 9F F0 6F
00 F5 F2 93
00 02 84 63
01 80 00 6F
00 45 D5 93
F0 00 03 37
00 03 03 13
00 65 E5 B3
FE 5F F0 6F
00 F5 F3 13
00 A0 03 93
02 73 54 63
00 03 05 13
03 05 05 13
00 00 03 17
08 43 00 E7
00 45 D5 93
F0 00 02 B7
00 02 82 93
00 55 E5 B3
FD 5F F0 6F
01 C1 20 83
01 81 24 03
02 01 01 13
00 00 80 67
FE 01 01 13
00 11 2E 23
00 81 2C 23
02 01 04 13
03 80 05 13
00 00 03 17
0A C3 00 E7
00 F0 05 13
00 00 03 17
0A 03 00 E7
00 60 05 13
00 00 03 17
09 43 00 E7
00 10 05 13
00 00 03 17
08 83 00 E7
01 C1 20 83
01 81 24 03
02 01 01 13
00 00 80 67
00 00 00 13
00 00 00 13
FE 01 01 13
00 11 2E 23
00 81 2C 23
02 01 04 13
00 A1 2A 23
00 B1 28 23
00 50 05 93
80 00 06 37
60 06 06 13
00 A6 65 33
4A A0 20 23
00 00 03 17
43 43 00 E7
40 00 06 13
00 A6 45 33
4A A0 20 23
00 00 03 17
42 03 00 E7
01 41 25 03
01 01 25 83
01 C1 20 83
01 81 24 03
02 01 01 13
00 00 80 67
00 00 00 13
00 00 00 13
FE 01 01 13
00 11 2E 23
00 81 2C 23
02 01 04 13
00 A1 2A 23
00 B1 28 23
03 20 05 93
80 00 06 37
40 06 06 13
00 A6 65 33
4A A0 20 23
00 00 03 17
3C C3 00 E7
40 00 06 13
00 A6 45 33
4A A0 20 23
00 00 03 17
3B 83 00 E7
01 41 25 03
01 01 25 83
01 C1 20 83
01 81 24 03
02 01 01 13
00 00 80 67
00 00 00 13
00 00 00 13
FE 01 01 13
00 11 2E 23
00 81 2C 23
02 01 04 13
08 00 05 13
00 00 03 17
F8 43 00 E7
04 70 05 13
00 00 03 17
F1 03 00 E7
04 30 05 13
00 00 03 17
F0 43 00 E7
04 40 05 13
00 00 03 17
EF 83 00 E7
03 D0 05 13
00 00 03 17
EE C3 00 E7
01 C1 20 83
01 81 24 03
02 01 01 13
00 00 80 67
00 00 00 13
00 00 00 13
FE 01 01 13
00 11 2E 23
00 81 2C 23
02 01 04 13
0C 00 05 13
00 00 03 17
F2 03 00 E7
05 40 05 13
00 00 03 17
EA C3 00 E7
06 F0 05 13
00 00 03 17
EA 03 00 E7
07 70 05 13
00 00 03 17
E9 43 00 E7
06 50 05 13
00 00 03 17
E8 83 00 E7
07 20 05 13
00 00 03 17
E7 C3 00 E7
02 80 05 13
00 00 03 17
E7 03 00 E7
03 10 05 13
00 00 03 17
E6 43 00 E7
03 60 05 13
00 00 03 17
E5 83 00 E7
02 90 05 13
00 00 03 17
E4 C3 00 E7
03 D0 05 13
00 00 03 17
E4 03 00 E7
01 C1 20 83
01 81 24 03
02 01 01 13
00 00 80 67
00 00 00 13
00 00 00 13
FE 01 01 13
00 11 2E 23
00 81 2C 23
02 01 04 13
08 00 05 13
00 00 03 17
E7 43 00 E7
04 60 05 13
00 00 03 17
E0 03 00 E7
03 20 05 13
00 00 03 17
DF 43 00 E7
03 90 05 13
00 00 03 17
DE 83 00 E7
03 D0 05 13
00 00 03 17
DD C3 00 E7
01 C1 20 83
01 81 24 03
02 01 01 13
00 00 80 67
00 00 00 13
00 00 00 13
FE 01 01 13
00 11 2E 23
00 81 2C 23
02 01 04 13
0C 00 05 13
00 00 03 17
E1 03 00 E7
03 10 05 13
00 00 03 17
D9 C3 00 E7
03 10 05 13
00 00 03 17
D9 03 00 E7
02 10 05 13
00 00 03 17
D8 43 00 E7
03 D0 05 13
00 00 03 17
D7 83 00 E7
01 C1 20 83
01 81 24 03
02 01 01 13
00 00 80 67
00 00 00 13
00 00 00 13
FE 01 01 13
00 11 2E 23
00 81 2C 23
02 01 04 13
08 40 05 13
00 00 03 17
DA C3 00 E7
04 30 05 13
00 00 03 17
D3 83 00 E7
06 F0 05 13
00 00 03 17
D2 C3 00 E7
06 D0 05 13
00 00 03 17
D2 03 00 E7
07 00 05 13
00 00 03 17
D1 43 00 E7
07 50 05 13
00 00 03 17
D0 83 00 E7
07 40 05 13
00 00 03 17
CF C3 00 E7
06 50 05 13
00 00 03 17
CF 03 00 E7
07 20 05 13
00 00 03 17
CE 43 00 E7
0C 20 05 13
00 00 03 17
D4 03 00 E7
04 10 05 13
00 00 03 17
CC C3 00 E7
07 20 05 13
00 00 03 17
CC 03 00 E7
06 30 05 13
00 00 03 17
CB 43 00 E7
06 80 05 13
00 00 03 17
CA 83 00 E7
06 90 05 13
00 00 03 17
C9 C3 00 E7
07 40 05 13
00 00 03 17
C9 03 00 E7
06 50 05 13
00 00 03 17
C8 43 00 E7
06 30 05 13
00 00 03 17
C7 83 00 E7
07 40 05 13
00 00 03 17
C6 C3 00 E7
07 50 05 13
00 00 03 17
C6 03 00 E7
07 20 05 13
00 00 03 17
C5 43 00 E7
06 50 05 13
00 00 03 17
C4 83 00 E7
01 C1 20 83
01 81 24 03
02 01 01 13
00 00 80 67
00 00 00 13
00 00 00 13
FE 01 01 13
00 11 2E 23
00 81 2C 23
02 01 04 13
50 00 25 03
0F F5 75 13
00 F5 72 93
00 22 92 93
00 02 AF 03
45 E0 20 23
0F 05 72 93
00 22 D2 93
00 02 AF 03
45 E0 28 23
08 05 72 93
00 02 96 63
00 00 02 93
01 00 00 6F
40 A0 05 33
0F F5 75 13
04 00 22 83
42 50 28 23
00 00 03 17
89 83 00 E7
00 00 00 13
00 00 05 93
00 00 03 17
A4 03 00 E7
01 C1 20 83
01 81 24 03
02 01 01 13
00 00 80 67
00 00 00 13
00 00 00 13
00 05 82 B3
00 02 86 63
FF F2 82 93
FF 9F F0 6F
00 00 80 67
00 10 00 73
